MD5Version 10 // Parameters used during export: Reorient: False; Scale: 1.0
commandline ""

numFrames 31
numJoints 14
frameRate 24
numAnimatedComponents 84

hierarchy {
  "Bone" -1 63 0 //
  "Bone.001" 0 63 6 //
  "Bone.004.L" 1 63 12 //
  "Bone.005.L" 2 63 18 //
  "Bone.007.L" 3 63 24 //
  "Bone.004.R" 1 63 30 //
  "Bone.005.R" 5 63 36 //
  "Bone.007.R" 6 63 42 //
  "Bone.002.L" 0 63 48 //
  "Bone.003.L" 8 63 54 //
  "Bone.003.L.001" 9 63 60 //
  "Bone.002.R" 0 63 66 //
  "Bone.003.R" 11 63 72 //
  "Bone.003.R.001" 12 63 78 //
}

bounds {
  ( -1.2949190140 -0.6486671567 0.0594253540 ) ( 1.1538124084 0.2207533568 5.5144033432 )
  ( -1.2948415279 -0.6599767208 0.0588693619 ) ( 1.1538076401 0.2037049532 5.5144033432 )
  ( -1.2946407795 -0.6907020807 0.0574846268 ) ( 1.1538033485 0.2036871463 5.5144033432 )
  ( -1.2943642139 -0.7360067368 0.0473389626 ) ( 1.1538274288 0.2165586054 5.5144033432 )
  ( -1.2940607071 -0.7909728885 0.0349378586 ) ( 1.1539096832 0.2505425811 5.5144033432 )
  ( -1.2937819958 -0.8506048322 0.0221900940 ) ( 1.1540727615 0.2867985070 5.5144033432 )
  ( -1.2935855389 -0.9099056721 0.0102515221 ) ( 1.1543209553 0.3220570087 5.5144033432 )
  ( -1.2935321331 -0.9639859200 0.0000467300 ) ( 1.1546373367 0.3534219563 5.5144033432 )
  ( -1.2936887741 -1.0081517696 -0.0077071190 ) ( 1.1549787521 0.3790275156 5.5144033432 )
  ( -1.2941255569 -1.0379121304 -0.0124216080 ) ( 1.1552822590 0.3955829740 5.5144033432 )
  ( -1.2949192524 -1.0488834381 -0.0135054588 ) ( 1.1554672718 0.4008750618 5.5144033432 )
  ( -1.2957444191 -1.0304340124 -0.0101099014 ) ( 1.1555225849 0.3934816122 5.5144033432 )
  ( -1.2962512970 -0.9801186919 -0.0020833015 ) ( 1.1554903984 0.3729766011 5.5144033432 )
  ( -1.2964775562 -0.9055541754 0.0104107857 ) ( 1.1553721428 0.3416546285 5.5144033432 )
  ( -1.2964615822 -0.8143650293 0.0270771980 ) ( 1.1551795006 0.3020136654 5.5144033432 )
  ( -1.2962582111 -0.7449747920 0.0471644402 ) ( 1.1549344063 0.3312417865 5.5144033432 )
  ( -1.2959361076 -0.8507571220 0.0690026283 ) ( 1.1546630859 0.4034270942 5.5311598778 )
  ( -1.2955739498 -0.9568321109 0.0752844810 ) ( 1.1543967724 0.4637267292 5.5504584312 )
  ( -1.2952446938 -1.0384001732 0.0782947540 ) ( 1.1541669369 0.5145331621 5.5642538071 )
  ( -1.2950091362 -1.0907210112 0.0726490021 ) ( 1.1540071964 0.5458482504 5.5724577904 )
  ( -1.2949192524 -1.1093344688 0.0707759857 ) ( 1.1539480686 0.5567044616 5.5752382278 )
  ( -1.2949192524 -1.0876911879 0.0701408386 ) ( 1.1540086269 0.5458468199 5.5724315643 )
  ( -1.2949187756 -1.0269331932 0.0690979958 ) ( 1.1541693211 0.5146914124 5.5641603470 )
  ( -1.2949190140 -0.9323067665 0.0693826675 ) ( 1.1543920040 0.4645321965 5.5502758026 )
  ( -1.2949192524 -0.8122573495 0.0672068596 ) ( 1.1546385288 0.4032084644 5.5308961868 )
  ( -1.2949190140 -0.7373788953 0.0447735786 ) ( 1.1548788548 0.3310462236 5.5144033432 )
  ( -1.2949192524 -0.8108224869 0.0246882439 ) ( 1.1550889015 0.3020136356 5.5144033432 )
  ( -1.2949190140 -0.9016224742 0.0083250999 ) ( 1.1552553177 0.3416545987 5.5144033432 )
  ( -1.2949190140 -0.9761435986 -0.0036339760 ) ( 1.1553730965 0.3729766011 5.5144033432 )
  ( -1.2949187756 -1.0265258551 -0.0109648705 ) ( 1.1554431915 0.3934816718 5.5144033432 )
  ( -1.2949192524 -1.0450426340 -0.0135054588 ) ( 1.1554672718 0.4008750618 5.5144033432 )
}

baseframe {
  ( 0.0000000000 0.0000000000 0.8460911512 ) ( -0.7071068287 -0.0000000000 -0.0000000000 )
  ( 0.0000000000 2.1409878731 0.0000000000 ) ( -0.0000000000 -0.0000000000 -0.0000000000 )
  ( 0.0000000000 4.3561334610 0.0000000000 ) ( 0.0000000267 0.0000000267 0.7071068287 )
  ( -1.9398553371 0.8106733561 0.0000001465 ) ( -0.0000000000 -0.0000000000 -0.0000000000 )
  ( -1.9398553371 0.6493257284 0.0000001465 ) ( -0.0000000000 0.7071068287 -0.0000000000 )
  ( 0.0000000000 4.3561334610 0.0000000000 ) ( 0.0000000267 -0.0000000267 -0.7071068287 )
  ( 1.9398553371 0.8106733561 0.0000001465 ) ( -0.0000000000 -0.0000000000 -0.0000000000 )
  ( 1.9398553371 0.6493257284 0.0000001465 ) ( -0.0000000000 -0.7071068287 -0.0000000000 )
  ( 0.4683015943 1.9398553371 0.0000000000 ) ( -1.0000000000 -0.0000000000 0.0000000437 )
  ( 0.0000000000 -0.5388858318 0.0000000000 ) ( -0.0000000000 -0.0000000437 -0.0000000000 )
  ( 0.0000000000 -0.6766217947 0.0000000000 ) ( 0.7071068287 0.0000000309 -0.0000000309 )
  ( -0.4683015943 1.9398553371 0.0000000000 ) ( -1.0000000000 -0.0000000000 0.0000000437 )
  ( 0.0000000000 -0.5388858318 0.0000000000 ) ( -0.0000000000 -0.0000000437 -0.0000000000 )
  ( 0.0000000000 -0.6766217947 0.0000000000 ) ( 0.7071068287 -0.0000000309 0.0000000309 )
}

frame 0 {
  0.0000000000 0.0000000000 0.8460911512 -0.7071068287 -0.0000000000 -0.0000000000
  0.0000000000 2.1409878731 0.0000000000 -0.0000000000 -0.0000000000 -0.0000000000
  0.0000000000 4.3561334610 0.0000000000 0.0000000267 0.0000000267 0.7071068287
  -1.9398553371 0.8106733561 0.0000001465 -0.0159302130 0.0238825586 0.5698184371
  -0.6779274344 -1.1648025513 0.1113142073 0.1483761072 0.6967894435 0.1569109112
  0.0000000000 4.3561334610 0.0000000000 0.0000000267 -0.0000000267 -0.7071068287
  1.9398553371 0.8106733561 0.0000001465 -0.0132511910 0.0198661722 -0.4739908278
  1.0666801929 -0.9703481197 -0.0434734710 0.2076394558 -0.6650310159 -0.2195832133
  0.4683015943 1.9398553371 0.0000000000 -1.0000000000 -0.0000000000 0.0000000437
  0.0000000000 -0.5388858318 0.0000000000 -0.0000000000 -0.0000000437 -0.0000000000
  0.0000000000 -0.6766217947 0.0000000000 0.7071068287 0.0000000309 -0.0000000309
  -0.4683015943 1.9398553371 0.0000000000 -1.0000000000 -0.0000000000 0.0000000437
  0.0000000000 -0.5388858318 0.0000000000 -0.0000000000 -0.0000000437 -0.0000000000
  0.0000000000 -0.6766217947 0.0000000000 0.7071068287 -0.0000000309 0.0000000309
}

frame 1 {
  0.0000000000 0.0000000000 0.8460911512 -0.7071068287 -0.0000000000 -0.0000000000
  0.0000000000 2.1409878731 0.0000000000 -0.0000000000 -0.0000000000 -0.0000000000
  0.0000000000 4.3561334610 0.0000000000 0.0000000267 0.0000000267 0.7071068287
  -1.9398553371 0.8106733561 0.0000001465 -0.0127794128 0.0193413477 0.5698976517
  -0.6783387661 -1.1658370495 0.0898919627 0.1460615396 0.6970724463 0.1604805589
  0.0000000000 4.3561334610 0.0000000000 0.0000000267 -0.0000000267 -0.7071068287
  1.9398553371 0.8106733561 0.0000001465 -0.0148612019 0.0168688577 -0.4740039706
  1.0670586824 -0.9703987837 -0.0302782860 0.2061045021 -0.6654575467 -0.2209979445
  0.4683015943 1.9398553371 0.0000000000 -0.9999932051 -0.0000000002 0.0000000437
  -0.0000000009 -0.5388328433 -0.0143443076 -0.0033818458 -0.0000000437 0.0000000001
  0.0000000286 -0.6766214371 -0.0012238303 0.7075894475 0.0000952483 0.0002104778
  -0.4683015943 1.9398553371 0.0000000000 -1.0000000000 -0.0004220929 0.0000034007
  0.0016375910 -0.5388850570 -0.0000150713 -0.0021529072 -0.0002585794 -0.0002567196
  0.0006394309 -0.6766037345 0.0083381543 0.7071068287 -0.0000000309 0.0000000309
}

frame 2 {
  0.0000000000 0.0000000000 0.8460911512 -0.7071068287 -0.0000000000 -0.0000000000
  0.0000000000 2.1409878731 0.0000000000 -0.0000000000 -0.0000000000 -0.0000000000
  0.0000000000 4.3561334610 0.0000000000 0.0000000267 0.0000000267 0.7071068287
  -1.9398553371 0.8106733561 0.0000001465 -0.0042095575 0.0069895890 0.5700254440
  -0.6790352464 -1.1675261259 0.0315891691 0.1395313591 0.6977950931 0.1704108417
  0.0000000000 4.3561334610 0.0000000000 0.0000000267 -0.0000000267 -0.7071068287
  1.9398553371 0.8106733561 0.0000001465 -0.0192312282 0.0087318439 -0.4740022719
  1.0678731203 -0.9701350331 0.0055452744 0.2016539276 -0.6666760445 -0.2250729203
  0.4683015943 1.9398553371 0.0000000000 -0.9999056458 -0.0000000006 0.0000000437
  -0.0000000332 -0.5381534100 -0.0533050112 -0.0125672081 -0.0000000437 0.0000000005
  -0.0000000342 -0.6766161323 -0.0045532947 0.7089691162 0.0003678038 0.0008130491
  -0.4683015943 1.9398553371 0.0000000000 -0.9999986887 -0.0016041116 0.0000269016
  0.0062234402 -0.5388759375 -0.0001207008 -0.0079981163 -0.0009605119 -0.0009537215
  0.0024938432 -0.6763737798 0.0309170075 0.7071068287 -0.0000000309 0.0000000309
}

frame 3 {
  0.0000000000 0.0000000000 0.8460911512 -0.7071068287 -0.0000000000 -0.0000000000
  0.0000000000 2.1409878731 0.0000000000 -0.0000000000 -0.0000000000 -0.0000000000
  0.0000000000 4.3561334610 0.0000000000 0.0000000267 0.0000000267 0.7071068287
  -1.9398553371 0.8106733561 0.0000001465 0.0084569370 -0.0112670548 0.5699781775
  -0.6789412498 -1.1670153141 -0.0546129681 0.1293892860 0.6987074614 0.1855239272
  0.0000000000 4.3561334610 0.0000000000 0.0000000267 -0.0000000267 -0.7071068287
  1.9398553371 0.8106733561 0.0000001465 -0.0256697722 -0.0032613480 -0.4739064872
  1.0684801340 -0.9686930776 0.0583342686 0.1945116222 -0.6685740948 -0.2315479070
  0.4683015943 1.9398553371 0.0000000000 -0.9995921850 -0.0000000012 0.0000000437
  -0.0000000070 -0.5357218981 -0.1107496098 -0.0261157043 -0.0000000437 0.0000000011
  -0.0000000389 -0.6765986681 -0.0094769374 0.7111409307 0.0007980844 0.0017643222
  -0.4683015943 1.9398553371 0.0000000000 -0.9999941587 -0.0034197976 0.0000906986
  0.0132677536 -0.5388404727 -0.0004080446 -0.0166153293 -0.0019953258 -0.0019812661
  0.0054550022 -0.6755553484 0.0640826672 0.7071068287 -0.0000000307 0.0000000308
}

frame 4 {
  0.0000000000 0.0000000000 0.8460911512 -0.7071068287 -0.0000000000 -0.0000000000
  0.0000000000 2.1409878731 0.0000000000 -0.0000000000 -0.0000000000 -0.0000000000
  0.0000000000 4.3561334610 0.0000000000 0.0000000267 0.0000000267 0.7071068287
  -1.9398553371 0.8106733561 0.0000001465 0.0238731746 -0.0334876105 0.5695409179
  -0.6770160794 -1.1615512371 -0.1594087780 0.1162400544 0.6995274425 0.2046228349
  0.0000000000 4.3561334610 0.0000000000 0.0000000267 -0.0000000267 -0.7071068287
  1.9398553371 0.8106733561 0.0000001465 -0.0334825292 -0.0178216659 -0.4736405909
  1.0682667494 -0.9652547836 0.1223661229 0.1848947704 -0.6710189581 -0.2401563674
  0.4683015943 1.9398553371 0.0000000000 -0.9989153743 -0.0000000020 0.0000000437
  -0.0000000114 -0.5304746032 -0.1804518104 -0.0425772853 -0.0000000437 0.0000000019
  0.0000000150 -0.6765598059 -0.0154754119 0.7139984965 0.0013664905 0.0030209674
  -0.4683015943 1.9398553371 0.0000000000 -0.9999834895 -0.0057430421 0.0002149622
  0.0222807229 -0.5387576818 -0.0009692921 -0.0270816907 -0.0032521975 -0.0032293089
  0.0094210533 -0.6738002300 0.1041627079 0.7071068287 -0.0000000311 0.0000000309
}

frame 5 {
  0.0000000000 0.0000000000 0.8460911512 -0.7071068287 -0.0000000000 -0.0000000000
  0.0000000000 2.1409878731 0.0000000000 -0.0000000000 -0.0000000000 -0.0000000000
  0.0000000000 4.3561334610 0.0000000000 0.0000000267 0.0000000267 0.7071068287
  -1.9398553371 0.8106733561 0.0000001465 0.0406566188 -0.0576795936 0.5685892105
  -0.6726616621 -1.1495592594 -0.2730945349 0.1007109359 0.6999950409 0.2264894843
  0.0000000000 4.3561334610 0.0000000000 0.0000000267 -0.0000000267 -0.7071068287
  1.9398553371 0.8106733561 0.0000001465 -0.0419740006 -0.0336551517 -0.4731575549
  1.0668789148 -0.9593986869 0.1918689907 0.1730179191 -0.6738654375 -0.2506264746
  0.4683015943 1.9398553371 0.0000000000 -0.9978096485 -0.0000000029 0.0000000436
  -0.0000000162 -0.5219078064 -0.2560890615 -0.0604888462 -0.0000000436 0.0000000026
  -0.0000000210 -0.6764966846 -0.0220157839 0.7174342871 0.0020533996 0.0045395982
  -0.4683015943 1.9398553371 0.0000000000 -0.9999641180 -0.0084478455 0.0004198923
  0.0327732153 -0.5386078954 -0.0018979055 -0.0384708643 -0.0046198866 -0.0045873905
  0.0143162124 -0.6709558964 0.1474605352 0.7071068287 -0.0000000308 0.0000000310
}

frame 6 {
  0.0000000000 0.0000000000 0.8460911512 -0.7071068287 -0.0000000000 -0.0000000000
  0.0000000000 2.1409878731 0.0000000000 -0.0000000000 -0.0000000000 -0.0000000000
  0.0000000000 4.3561334610 0.0000000000 0.0000000267 0.0000000267 0.7071068287
  -1.9398553371 0.8106733561 0.0000001465 0.0574046895 -0.0818214193 0.5671432018
  -0.6659675241 -1.1313096285 -0.3858305216 0.0834608600 0.6999148130 0.2498955578
  0.0000000000 4.3561334610 0.0000000000 0.0000000267 -0.0000000267 -0.7071068287
  1.9398553371 0.8106733561 0.0000001465 -0.0504521802 -0.0494701751 -0.4724541903
  1.0643587112 -0.9513020515 0.2610922158 0.1590969563 -0.6769629121 -0.2626827359
  0.4683015943 1.9398553371 0.0000000000 -0.9963195920 -0.0000000037 0.0000000436
  -0.0000000209 -0.5103802681 -0.3313319981 -0.0783809125 -0.0000000436 0.0000000034
  0.0000000622 -0.6764115095 -0.0285560172 0.7213409543 0.0028391345 0.0062767193
  -0.4683015943 1.9398553371 0.0000000000 -0.9999343157 -0.0114082796 0.0007257314
  0.0442555659 -0.5383782387 -0.0032886744 -0.0498549305 -0.0059869625 -0.0059448648
  0.0201001111 -0.6671633720 0.1902700216 0.7071068287 -0.0000000303 0.0000000299
}

frame 7 {
  0.0000000000 0.0000000000 0.8460911512 -0.7071068287 -0.0000000000 -0.0000000000
  0.0000000000 2.1409878731 0.0000000000 -0.0000000000 -0.0000000000 -0.0000000000
  0.0000000000 4.3561334610 0.0000000000 0.0000000267 0.0000000267 0.7071068287
  -1.9398553371 0.8106733561 0.0000001465 0.0727263242 -0.1039077416 0.5653826594
  -0.6577882171 -1.1091184616 -0.4880868793 0.0651774853 0.6991876960 0.2736248374
  0.0000000000 4.3561334610 0.0000000000 0.0000000267 -0.0000000267 -0.7071068287
  1.9398553371 0.8106733561 0.0000001465 -0.0582340285 -0.0639873520 -0.4715754390
  1.0611871481 -0.9418010116 0.3244028687 0.1433517337 -0.6801621318 -0.2760468721
  0.4683015943 1.9398553371 0.0000000000 -0.9946134686 -0.0000000045 0.0000000435
  0.0000000045 -0.4972023368 -0.3999778926 -0.0947903469 -0.0000000435 0.0000000041
  0.0000000268 -0.6763141155 -0.0345537513 0.7256118655 0.0037039611 0.0081886947
  -0.4683015943 1.9398553371 0.0000000000 -0.9998933077 -0.0144984527 0.0011527814
  0.0562378764 -0.5380635262 -0.0052375891 -0.0603074878 -0.0072421758 -0.0071912603
  0.0267675035 -0.6628836989 0.2288994193 0.7071068287 -0.0000000310 0.0000000309
}

frame 8 {
  0.0000000000 0.0000000000 0.8460911512 -0.7071068287 -0.0000000000 -0.0000000000
  0.0000000000 2.1409878731 0.0000000000 -0.0000000000 -0.0000000000 -0.0000000000
  0.0000000000 4.3561334610 0.0000000000 0.0000000267 0.0000000267 0.7071068287
  -1.9398553371 0.8106733561 0.0000001465 0.0852706879 -0.1219910979 0.5636272430
  -0.6496283412 -1.0870391130 -0.5710150599 0.0465636477 0.6978273392 0.2965015471
  0.0000000000 4.3561334610 0.0000000000 0.0000000267 -0.0000000267 -0.7071068287
  1.9398553371 0.8106733561 0.0000001465 -0.0646487027 -0.0759459361 -0.4706088305
  1.0582282543 -0.9323033094 0.3763516545 0.1260081977 -0.6833208203 -0.2904406488
  0.4683015943 1.9398553371 0.0000000000 -0.9929683208 -0.0000000052 0.0000000434
  -0.0000000288 -0.4845147431 -0.4560567737 -0.1082713306 -0.0000000435 0.0000000047
  0.0000000520 -0.6762198210 -0.0394767225 0.7301420569 0.0046280697 0.0102317352
  -0.4683015943 1.9398553371 0.0000000000 -0.9998418093 -0.0175924525 0.0017214210
  0.0682294667 -0.5376695991 -0.0078415293 -0.0689068511 -0.0082748458 -0.0082166772
  0.0343402550 -0.6588535905 0.2596918941 0.7071068287 -0.0000000300 0.0000000323
}

frame 9 {
  0.0000000000 0.0000000000 0.8460911512 -0.7071068287 -0.0000000000 -0.0000000000
  0.0000000000 2.1409878731 0.0000000000 -0.0000000000 -0.0000000000 -0.0000000000
  0.0000000000 4.3561334610 0.0000000000 0.0000000267 0.0000000267 0.7071068287
  -1.9398553371 0.8106733561 0.0000001465 0.0937351733 -0.1341933906 0.5622814298
  -0.6433792710 -1.0701516867 -0.6264975071 0.0283188988 0.6959603429 0.3174158931
  0.0000000000 4.3561334610 0.0000000000 0.0000000267 -0.0000000267 -0.7071068287
  1.9398553371 0.8106733561 0.0000001465 -0.0690349266 -0.0841003656 -0.4696683884
  1.0565953255 -0.9245808125 0.4116563797 0.1072983071 -0.6863090992 -0.3055882454
  0.4683015943 1.9398553371 0.0000000000 -0.9917291999 -0.0000000056 0.0000000433
  -0.0000000312 -0.4749738872 -0.4938372076 -0.1173983589 -0.0000000434 0.0000000051
  0.0000000191 -0.6761494279 -0.0428051502 0.7348285317 0.0055916035 0.0123619307
  -0.4683015943 1.9398553371 0.0000000000 -0.9997815490 -0.0205643140 0.0024521367
  0.0797391683 -0.5372139215 -0.0111978259 -0.0747366250 -0.0089749247 -0.0089118397
  0.0428528413 -0.6559711099 0.2790254951 0.7071068287 -0.0000000309 0.0000000308
}

frame 10 {
  0.0000000000 0.0000000000 0.8460911512 -0.7071068287 -0.0000000000 -0.0000000000
  0.0000000000 2.1409878731 0.0000000000 -0.0000000000 -0.0000000000 -0.0000000000
  0.0000000000 4.3561334610 0.0000000000 0.0000000267 0.0000000267 0.7071068287
  -1.9398553371 0.8106733561 0.0000001465 0.0968426242 -0.1386730969 0.5617545843
  -0.6409341693 -1.0635498762 -0.6467604041 0.0111222211 0.6938115358 0.3353362978
  0.0000000000 4.3561334610 0.0000000000 0.0000000267 -0.0000000267 -0.7071068287
  1.9398553371 0.8106733561 0.0000001465 -0.0707311034 -0.0872039720 -0.4688709676
  1.0574364662 -0.9204449654 0.4250737429 0.0874591842 -0.6890147924 -0.3212201297
  0.4683015943 1.9398553371 -0.0000000312 -0.9912478328 0.0000000058 0.0000000433
  -0.0000000194 -0.4712708890 -0.5076954365 -0.1207561418 -0.0000000434 0.0000000053
  0.0000000000 -0.6761217713 -0.0440288559 0.7395710945 0.0065746643 0.0145353042
  -0.4683015943 1.9398553371 0.0000000140 -0.9997155666 -0.0232878942 0.0033655458
  0.0902737305 -0.5367229581 -0.0154036060 -0.0768831596 -0.0092326943 -0.0091677960
  0.0523336008 -0.6551114321 0.2832868695 0.7071068287 -0.0000000308 0.0000000309
}

frame 11 {
  0.0000000000 0.0000000000 0.8460911512 -0.7071068287 -0.0000000000 -0.0000000000
  0.0000000000 2.1409878731 0.0000000000 -0.0000000000 -0.0000000000 -0.0000000000
  0.0000000000 4.3561334610 0.0000000000 0.0000000267 0.0000000267 0.7071068287
  -1.9398553371 0.8106733561 0.0000001465 0.0930003300 -0.1331340522 0.5624034405
  -0.6439456344 -1.0716814995 -0.6216970086 -0.0043671881 0.6917146444 0.3496524096
  0.0000000000 4.3561334610 0.0000000000 0.0000000267 -0.0000000267 -0.7071068287
  1.9398553371 0.8106733561 0.0000001465 -0.0647849366 -0.0760311782 -0.4691813886
  1.0633826256 -0.9287474751 0.3767521679 0.0668202192 -0.6913084388 -0.3372089267
  0.4683015943 1.9398553371 -0.0000000312 -0.9917076230 -0.0002862422 -0.0010913507
  0.0016454372 -0.4748132825 -0.4944435358 -0.1207561567 -0.0000000434 0.0000000053
  0.0016455003 -0.6763843298 -0.0303139631 0.7442727089 0.0075573619 0.0167078730
  -0.4683015943 1.9398553371 0.0000000140 -0.9996290207 -0.0256615095 0.0051215170
  0.0993721336 -0.5361093283 -0.0298242830 -0.0768831596 -0.0092326952 -0.0091677997
  0.0616860725 -0.6568717957 0.2691254914 0.7071068287 -0.0000000293 0.0000000302
}

frame 12 {
  0.0000000000 0.0000000000 0.8460911512 -0.7071068287 -0.0000000000 -0.0000000000
  0.0000000000 2.1409878731 0.0000000000 -0.0000000000 -0.0000000000 -0.0000000000
  0.0000000000 4.3561334610 0.0000000000 0.0000000267 0.0000000267 0.7071068287
  -1.9398553371 0.8106733561 0.0000001465 0.0825142190 -0.1180174798 0.5640373230
  -0.6515343785 -1.0921925306 -0.5528611541 -0.0179828890 0.6898745894 0.3607277572
  0.0000000000 4.3561334610 0.0000000000 0.0000000267 -0.0000000267 -0.7071068287
  1.9398553371 0.8106733561 0.0000001465 -0.0481744818 -0.0450031534 -0.4708476663
  1.0718759298 -0.9493451118 0.2416062951 0.0458989441 -0.6930698752 -0.3532935381
  0.4683015943 1.9398553371 -0.0000000312 -0.9928880930 -0.0010638253 -0.0040560667
  0.0059702829 -0.4839605689 -0.4583024383 -0.1207561418 -0.0000000433 0.0000000054
  0.0059703337 -0.6765999198 0.0069659534 0.7488393188 0.0085198274 0.0188357197
  -0.4683015943 1.9398553371 0.0000000140 -0.9994636774 -0.0276824199 0.0081407102
  0.1068530157 -0.5349815488 -0.0609421544 -0.0768831596 -0.0092326952 -0.0091677960
  0.0697156712 -0.6606595516 0.2383564115 0.7071068287 -0.0000000284 0.0000000303
}

frame 13 {
  0.0000000000 0.0000000000 0.8460911512 -0.7071068287 -0.0000000000 -0.0000000000
  0.0000000000 2.1409878731 0.0000000000 -0.0000000000 -0.0000000000 -0.0000000000
  0.0000000000 4.3561334610 0.0000000000 0.0000000267 0.0000000267 0.7071068287
  -1.9398553371 0.8106733561 0.0000001465 0.0669266284 -0.0955473110 0.5660985708
  -0.6611151099 -1.1181362867 -0.4494939744 -0.0298027489 0.6883474588 0.3690221310
  0.0000000000 4.3561334610 0.0000000000 0.0000000267 -0.0000000267 -0.7071068287
  1.9398553371 0.8106733561 0.0000001465 -0.0230984688 0.0016912700 -0.4725967646
  1.0733199120 -0.9661264420 0.0365714356 0.0252398830 -0.6942547560 -0.3690167367
  0.4683015943 1.9398553371 -0.0000000312 -0.9944453835 -0.0022109719 -0.0084298598
  0.0119609013 -0.4961797893 -0.4046227634 -0.1207561493 -0.0000000425 0.0000000051
  0.0119609013 -0.6755933762 0.0620097071 0.7531805634 0.0094422586 0.0208750442
  -0.4683015943 1.9398553371 0.0000000140 -0.9991415739 -0.0293719508 0.0120829856
  0.1126097143 -0.5327937007 -0.1044842750 -0.0768831596 -0.0092326961 -0.0091677979
  0.0762537122 -0.6652770638 0.1951154768 0.7071068287 -0.0000000302 0.0000000297
}

frame 14 {
  0.0000000000 0.0000000000 0.8460911512 -0.7071068287 -0.0000000000 -0.0000000000
  0.0000000000 2.1409878731 0.0000000000 -0.0000000000 -0.0000000000 -0.0000000000
  0.0000000000 4.3561334610 0.0000000000 0.0000000267 0.0000000267 0.7071068287
  -1.9398553371 0.8106733561 0.0000001465 0.0478276871 -0.0680163652 0.5680310130
  -0.6700825095 -1.1425127983 -0.3214693069 -0.0398961157 0.6871520877 0.3749647141
  0.0000000000 4.3561334610 0.0000000000 0.0000000267 -0.0000000267 -0.7071068287
  1.9398553371 0.8106733561 0.0000001465 0.0079560457 0.0593230836 -0.4731040895
  1.0578161478 -0.9622008204 -0.2169040591 0.0054132133 -0.6948750019 -0.3839337528
  0.4683015943 1.9398553371 -0.0000000312 -0.9960423112 -0.0036049543 -0.0137447147
  0.0186094660 -0.5089694262 -0.3388592303 -0.1207561493 -0.0000000432 0.0000000050
  0.0186095200 -0.6722435951 0.1289214790 0.7572090626 0.0103049269 0.0227822494
  -0.4683015943 1.9398553371 0.0000000140 -0.9985970259 -0.0307508688 0.0166061334
  0.1165740415 -0.5290765762 -0.1561129540 -0.0768831596 -0.0092326961 -0.0091677997
  0.0811675563 -0.6695947647 0.1436153054 0.7071068287 -0.0000000317 0.0000000312
}

frame 15 {
  0.0000000000 0.0000000000 0.8460911512 -0.7071068287 -0.0000000000 -0.0000000000
  0.0000000000 2.1409878731 0.0000000000 -0.0000000000 -0.0000000000 -0.0000000000
  0.0000000000 4.3561334610 0.0000000000 0.0000000267 0.0000000267 0.7071068287
  -1.9398553371 0.8106733561 0.0000001465 0.0269001443 -0.0378507078 0.5694058537
  -0.6764054298 -1.1598541737 -0.1799519211 -0.0483224653 0.6862783432 0.3789607882
  0.0000000000 4.3561334610 0.0000000000 0.0000000267 -0.0000000267 -0.7071068287
  1.9398553371 0.8106733561 0.0000001465 0.0420347564 0.1223337948 -0.4714321196
  1.0195342302 -0.9262953401 -0.4909235835 -0.0129939169 -0.6949970722 -0.3976182342
  0.4683015943 1.9398553371 -0.0000000312 -0.9974107742 -0.0051216460 -0.0195275471
  0.0250483919 -0.5203004479 -0.2667093277 -0.1207561418 -0.0000000432 0.0000000057
  0.0250483677 -0.6659461856 0.2016837299 0.7608404756 0.0110882213 0.0245139711
  -0.4683015943 1.9398553371 0.0000000140 -0.9978078008 -0.0318416022 0.0213653166
  0.1187943816 -0.5236646533 -0.2114475369 -0.0768831745 -0.0092326952 -0.0091677960
  0.0844344571 -0.6727772355 0.0881597102 0.7071068287 -0.0000000293 0.0000000293
}

frame 16 {
  0.0000000000 0.0000000000 0.8460911512 -0.7071068287 -0.0000000000 -0.0000000000
  0.0000000000 2.1409878731 0.0000000000 -0.0000000000 -0.0000000000 -0.0000000000
  0.0000000000 4.3561334610 0.0000000000 0.0000000267 0.0000000267 0.7071068287
  -1.9398553371 0.8106733561 0.0000001465 0.0059050526 -0.0075889304 0.5700103641
  -0.6790679693 -1.1674067974 -0.0372484252 -0.0551315770 0.6856952310 0.3813978434
  0.0000000000 4.3561334610 0.0000000000 0.0000000267 -0.0000000267 -0.7071068287
  1.9398553371 0.8106733561 0.0000001465 0.0758763850 0.1846671253 -0.4673923850
  0.9600052834 -0.8579879999 -0.7546092868 -0.0293861050 -0.6947364807 -0.4096648693
  0.4683015943 1.9398553371 -0.0000000312 -0.9983925223 -0.0066363579 -0.0253028087
  0.0306418650 -0.5289061069 -0.1941139102 -0.1207561493 -0.0000000429 0.0000000052
  0.0306418650 -0.6568966508 0.2742251456 0.7639928460 0.0117726075 0.0260270257
  -0.4683015943 1.9398553371 0.0000000140 -0.9968138337 -0.0326685794 0.0260160714
  0.1194814444 -0.5168275237 -0.2661151588 -0.0768831596 -0.0092326943 -0.0091677979
  0.0861852765 -0.6744231582 0.0331142843 0.7071068287 -0.0000000274 0.0000000307
}

frame 17 {
  0.0000000000 0.0000000000 0.8460911512 -0.7071068287 -0.0000000000 -0.0000000000
  0.0000000000 2.1409878731 0.0000000000 -0.0000000000 -0.0000000000 -0.0000000000
  0.0000000000 4.3561334610 0.0000000000 0.0000000267 0.0000000267 0.7071068287
  -1.9398553371 0.8106733561 0.0000001465 -0.0133740995 0.0201984439 0.5698839426
  -0.6782679558 -1.1656583548 0.0939358398 -0.0603657030 0.6853556037 0.3826521635
  0.0000000000 4.3561334610 0.0000000000 0.0000000267 -0.0000000267 -0.7071068287
  1.9398553371 0.8106733561 0.0000001465 0.1063125432 0.2405210137 -0.4616646171
  0.8885138035 -0.7688727975 -0.9809658527 -0.0431671739 -0.6942467093 -0.4196887016
  0.4683015943 1.9398553371 -0.0000000312 -0.9989528656 -0.0080249608 -0.0305973720
  0.0350260809 -0.5343970060 -0.1271568239 -0.1207561344 -0.0000000442 0.0000000059
  0.0350259915 -0.6461750269 0.3405458927 0.7665855885 0.0123386672 0.0272784773
  -0.4683015943 1.9398553371 0.0000000140 -0.9957216382 -0.0332589000 0.0302164424
  0.1190174222 -0.5093016624 -0.3158118725 -0.0768831670 -0.0092326961 -0.0091677997
  0.0867144391 -0.6746068597 -0.0171481092 0.7071068287 -0.0000000313 0.0000000309
}

frame 18 {
  0.0000000000 0.0000000000 0.8460911512 -0.7071068287 -0.0000000000 -0.0000000000
  0.0000000000 2.1409878731 0.0000000000 -0.0000000000 -0.0000000000 -0.0000000000
  0.0000000000 4.3561334610 0.0000000000 0.0000000267 0.0000000267 0.7071068287
  -1.9398553371 0.8106733561 0.0000001465 -0.0291931983 0.0429979935 0.5692929029
  -0.6752900481 -1.1580146551 0.2013530284 -0.0640617087 0.6852003336 0.3830941021
  0.0000000000 4.3561334610 0.0000000000 0.0000000267 -0.0000000267 -0.7071068287
  1.9398553371 0.8106733561 0.0000001465 0.1306305379 0.2850018144 -0.4556054771
  0.8193857074 -0.6789176464 -1.1521351337 -0.0537431575 -0.6937015653 -0.4273178279
  0.4683015943 1.9398553371 -0.0000000312 -0.9991689920 -0.0091652377 -0.0349449292
  0.0380883627 -0.5371775031 -0.0719336718 -0.1207561344 -0.0000000437 0.0000000057
  0.0380883887 -0.6356347203 0.3948250711 0.7685388923 0.0127669973 0.0282254610
  -0.4683015943 1.9398553371 0.0000000140 -0.9946959019 -0.0336420871 0.0336287022
  0.1179303974 -0.5022249222 -0.3563448191 -0.0768831596 -0.0092326961 -0.0091677979
  0.0864562839 -0.6738169789 -0.0583001897 0.7071068287 -0.0000000307 0.0000000301
}

frame 19 {
  0.0000000000 0.0000000000 0.8460911512 -0.7071068287 -0.0000000000 -0.0000000000
  0.0000000000 2.1409878731 0.0000000000 -0.0000000000 -0.0000000000 -0.0000000000
  0.0000000000 4.3561334610 0.0000000000 0.0000000267 0.0000000267 0.7071068287
  -1.9398553371 0.8106733561 0.0000001465 -0.0398779362 0.0583971813 0.5686443448
  -0.6720956564 -1.1496846676 0.2736558616 -0.0662536770 0.6851621866 0.3830907941
  0.0000000000 4.3561334610 0.0000000000 0.0000000267 -0.0000000267 -0.7071068287
  1.9398553371 0.8106733561 0.0000001465 0.1466479897 0.3142265677 -0.4508672953
  0.7681064606 -0.6106067896 -1.2592145205 -0.0605228618 -0.6932737231 -0.4321820438
  0.4683015943 1.9398553371 -0.0000000312 -0.9991896749 -0.0099369045 -0.0378869064
  0.0398831069 -0.5381697416 -0.0344591402 -0.1207561344 -0.0000000441 0.0000000065
  0.0398830622 -0.6276136041 0.4314446449 0.7697718740 0.0130382488 0.0288251396
  -0.4683015943 1.9398553371 0.0000000140 -0.9939360023 -0.0338493511 0.0359193571
  0.1168358624 -0.4969812632 -0.3836292922 -0.0768831596 -0.0092326961 -0.0091677960
  0.0859293118 -0.6728047132 -0.0860819891 0.7071068287 -0.0000000298 0.0000000298
}

frame 20 {
  0.0000000000 0.0000000000 0.8460911512 -0.7071068287 -0.0000000000 -0.0000000000
  0.0000000000 2.1409878731 0.0000000000 -0.0000000000 -0.0000000000 -0.0000000000
  0.0000000000 4.3561334610 0.0000000000 0.0000000267 0.0000000267 0.7071068287
  -1.9398553371 0.8106733561 0.0000001465 -0.0438016541 0.0640520751 0.5683555603
  -0.6706829071 -1.1459851265 0.3001384139 -0.0669762120 0.6851667166 0.3830085099
  0.0000000000 4.3561334610 0.0000000000 0.0000000267 -0.0000000267 -0.7071068287
  1.9398553371 0.8106733561 0.0000001465 0.1524384320 0.3247767091 -0.4490049481
  0.7484530807 -0.5841484070 -1.2966877222 -0.0629148334 -0.6931077242 -0.4338946640
  0.4683015943 1.9398553371 -0.0000000013 -0.9991717339 -0.0102207009 -0.0389689468
  0.0404864475 -0.5383532643 -0.0206578467 -0.1207561493 -0.0000000429 0.0000000040
  0.0404864028 -0.6244831681 0.4448874295 0.7702018619 0.0131329997 0.0290346052
  -0.4683015943 1.9398553371 -0.0000000091 -0.9936437011 -0.0339116901 0.0367568657
  0.1163489670 -0.4949627221 -0.3936279416 -0.0768831596 -0.0092326961 -0.0091677951
  0.0856522471 -0.6723366976 -0.0962795615 0.7071068287 -0.0000000277 0.0000000291
}

frame 21 {
  0.0000000000 0.0000000000 0.8460911512 -0.7071068287 -0.0000000000 -0.0000000000
  0.0000000000 2.1409878731 0.0000000000 -0.0000000000 -0.0000000000 -0.0000000000
  0.0000000000 4.3561334610 0.0000000000 0.0000000267 0.0000000267 0.7071068287
  -1.9398553371 0.8106733561 0.0000001465 -0.0398779400 0.0583971851 0.5686444044
  -0.6720951796 -1.1496845484 0.2736558914 -0.0647832602 0.6854940057 0.3817116618
  0.0000000000 4.3561334610 0.0000000000 0.0000000267 -0.0000000267 -0.7071068287
  1.9398553371 0.8106733561 0.0000001465 0.1466253400 0.3141780794 -0.4509367347
  0.7679819465 -0.6108560562 -1.2590407133 -0.0587229393 -0.6933756471 -0.4309674203
  0.4683015943 1.9398553371 -0.0000000013 -0.9991896749 -0.0099369036 -0.0378868990
  0.0398831107 -0.5381697416 -0.0344591476 -0.1207561344 -0.0000000439 0.0000000062
  0.0398830697 -0.6276136637 0.4314446151 0.7685388923 0.0127669983 0.0282254536
  -0.4683015943 1.9398553371 -0.0000000091 -0.9939579368 -0.0336191021 0.0358271040
  0.1160011515 -0.4971243441 -0.3831735551 -0.0768831596 -0.0092326924 -0.0091677951
  0.0850842372 -0.6728621721 -0.0856263638 0.7071068287 -0.0000000326 0.0000000296
}

frame 22 {
  0.0000000000 0.0000000000 0.8460911512 -0.7071068287 -0.0000000000 -0.0000000000
  0.0000000000 2.1409878731 0.0000000000 -0.0000000000 -0.0000000000 -0.0000000000
  0.0000000000 4.3561334610 0.0000000000 0.0000000267 0.0000000267 0.7071068287
  -1.9398553371 0.8106733561 0.0000001465 -0.0291931871 0.0429980084 0.5692929029
  -0.6752900481 -1.1580146551 0.2013530284 -0.0588299446 0.6863574386 0.3781786859
  0.0000000000 4.3561334610 0.0000000000 0.0000000267 -0.0000000267 -0.7071068287
  1.9398553371 0.8106733561 0.0000001465 0.1305574328 0.2848424315 -0.4558483064
  0.8188791275 -0.6797453761 -1.1515400410 -0.0473180935 -0.6939933300 -0.4229410887
  0.4683015943 1.9398553371 -0.0000000013 -0.9991689920 -0.0091653299 -0.0349449031
  0.0380883701 -0.5371775031 -0.0719337389 -0.1207561344 -0.0000000436 0.0000000045
  0.0380883142 -0.6356347799 0.3948250413 0.7639928460 0.0117726121 0.0260270368
  -0.4683015943 1.9398553371 -0.0000000091 -0.9947695732 -0.0328231081 0.0333007164
  0.1149451733 -0.5027092695 -0.3547297120 -0.0768831596 -0.0092326924 -0.0091677979
  0.0834350511 -0.6739972830 -0.0566893779 0.7071068287 -0.0000000293 0.0000000287
}

frame 23 {
  0.0000000000 0.0000000000 0.8460911512 -0.7071068287 -0.0000000000 -0.0000000000
  0.0000000000 2.1409878731 0.0000000000 -0.0000000000 -0.0000000000 -0.0000000000
  0.0000000000 4.3561334610 0.0000000000 0.0000000267 0.0000000267 0.7071068287
  -1.9398553371 0.8106733561 0.0000001465 -0.0133740902 0.0201984663 0.5698839426
  -0.6782679558 -1.1656583548 0.0939358994 -0.0500566885 0.6875641346 0.3729397655
  0.0000000000 4.3561334610 0.0000000000 0.0000000267 -0.0000000267 -0.7071068287
  1.9398553371 0.8106733561 0.0000001465 0.1061926559 0.2402497530 -0.4621320367
  0.8873444200 -0.7703407407 -0.9799003601 -0.0304527357 -0.6946089864 -0.4109050333
  0.4683015943 1.9398553371 -0.0000000013 -0.9989528656 -0.0080249608 -0.0305973645
  0.0350260846 -0.5343970060 -0.1271568239 -0.1207561418 -0.0000000430 0.0000000060
  0.0350259990 -0.6461747885 0.3405459225 0.7572090030 0.0103049288 0.0227822512
  -0.4683015943 1.9398553371 -0.0000000091 -0.9958549738 -0.0316455290 0.0295710415
  0.1130904406 -0.5101819038 -0.3126498163 -0.0768831670 -0.0092326952 -0.0091677960
  0.0807183757 -0.6748906970 -0.0140066333 0.7071068287 -0.0000000315 0.0000000290
}

frame 24 {
  0.0000000000 0.0000000000 0.8460911512 -0.7071068287 -0.0000000000 -0.0000000000
  0.0000000000 2.1409878731 0.0000000000 -0.0000000000 -0.0000000000 -0.0000000000
  0.0000000000 4.3561334610 0.0000000000 0.0000000267 0.0000000267 0.7071068287
  -1.9398553371 0.8106733561 0.0000001465 0.0059050601 -0.0075889044 0.5700103641
  -0.6790679693 -1.1674067974 -0.0372483656 -0.0394070521 0.6889239550 0.3665284812
  0.0000000000 4.3561334610 0.0000000000 0.0000000267 -0.0000000267 -0.7071068287
  1.9398553371 0.8106733561 0.0000001465 0.0757432207 0.1843429953 -0.4680874348
  0.9579466581 -0.8599621654 -0.7532771826 -0.0099133421 -0.6948801279 -0.3959793150
  0.4683015943 1.9398553371 -0.0000000013 -0.9983924627 -0.0066363774 -0.0253028069
  0.0306418650 -0.5289061069 -0.1941138506 -0.1207561418 -0.0000000426 0.0000000054
  0.0306418706 -0.6568966508 0.2742252052 0.7488393188 0.0085198311 0.0188357234
  -0.4683015943 1.9398553371 -0.0000000091 -0.9969944954 -0.0302088652 0.0250336099
  0.1103611588 -0.5180308223 -0.2613357604 -0.0768831670 -0.0092326943 -0.0091677969
  0.0769631341 -0.6747246981 0.0378399007 0.7071068287 -0.0000000286 0.0000000296
}

frame 25 {
  0.0000000000 0.0000000000 0.8460911512 -0.7071068287 -0.0000000000 -0.0000000000
  0.0000000000 2.1409878731 0.0000000000 -0.0000000000 -0.0000000000 -0.0000000000
  0.0000000000 4.3561334610 0.0000000000 0.0000000267 0.0000000267 0.7071068287
  -1.9398553371 0.8106733561 0.0000001465 0.0269001666 -0.0378507040 0.5694059134
  -0.6764051914 -1.1598539352 -0.1799518913 -0.0278280377 0.6902719736 0.3594932556
  0.0000000000 4.3561334610 0.0000000000 0.0000000267 -0.0000000267 -0.7071068287
  1.9398553371 0.8106733561 0.0000001465 0.0419373624 0.1220503896 -0.4723179042
  1.0165600777 -0.9285889864 -0.4897244275 0.0124621214 -0.6945786476 -0.3793855011
  0.4683015943 1.9398553371 -0.0000000013 -0.9974107742 -0.0051216451 -0.0195275452
  0.0250483938 -0.5203004479 -0.2667093873 -0.1207561418 -0.0000000433 0.0000000056
  0.0250483677 -0.6659461856 0.2016836703 0.7395711541 0.0065746657 0.0145353088
  -0.4683015943 1.9398553371 -0.0000000091 -0.9980111718 -0.0286379810 0.0200880431
  0.1067989394 -0.5250338316 -0.2052900642 -0.0768831596 -0.0092326943 -0.0091677979
  0.0723113716 -0.6729827523 0.0942152143 0.7071068287 -0.0000000288 0.0000000292
}

frame 26 {
  0.0000000000 0.0000000000 0.8460911512 -0.7071068287 -0.0000000000 -0.0000000000
  0.0000000000 2.1409878731 0.0000000000 -0.0000000000 -0.0000000000 -0.0000000000
  0.0000000000 4.3561334610 0.0000000000 0.0000000267 0.0000000267 0.7071068287
  -1.9398553371 0.8106733561 0.0000001465 0.0478277132 -0.0680163503 0.5680310130
  -0.6700827479 -1.1425130367 -0.3214693666 -0.0162665024 0.6914826035 0.3524017632
  0.0000000000 4.3561334610 0.0000000000 0.0000000267 -0.0000000267 -0.7071068287
  1.9398553371 0.8106733561 0.0000001465 0.0079347435 0.0591642670 -0.4741096497
  1.0541939735 -0.9646620750 -0.2162323296 0.0348038934 -0.6936565638 -0.3624693453
  0.4683015943 1.9398553371 -0.0000000013 -0.9960422516 -0.0036049534 -0.0137447082
  0.0186094660 -0.5089693666 -0.3388593197 -0.1207561493 -0.0000000432 0.0000000047
  0.0186095238 -0.6722435951 0.1289214045 0.7301420569 0.0046280702 0.0102317352
  -0.4683015943 1.9398553371 -0.0000000091 -0.9987940788 -0.0270603839 0.0151377767
  0.1026241183 -0.5304221511 -0.1491083354 -0.0768831670 -0.0092326961 -0.0091677988
  0.0670767054 -0.6696141362 0.1504655331 0.7071068287 -0.0000000310 0.0000000298
}

frame 27 {
  0.0000000000 0.0000000000 0.8460911512 -0.7071068287 -0.0000000000 -0.0000000000
  0.0000000000 2.1409878731 0.0000000000 -0.0000000000 -0.0000000000 -0.0000000000
  0.0000000000 4.3561334610 0.0000000000 0.0000000267 0.0000000267 0.7071068287
  -1.9398553371 0.8106733561 0.0000001465 0.0669266358 -0.0955473036 0.5660985708
  -0.6611151099 -1.1181362867 -0.4494940042 -0.0056634396 0.6924741268 0.3458395898
  0.0000000000 4.3561334610 0.0000000000 0.0000000267 -0.0000000267 -0.7071068287
  1.9398553371 0.8106733561 0.0000001465 -0.0230357330 0.0016866702 -0.4736160934
  1.0695779324 -0.9686062336 0.0365668051 0.0552533306 -0.6922670603 -0.3466805816
  0.4683015943 1.9398553371 -0.0000000013 -0.9944453239 -0.0022109677 -0.0084298579
  0.0119608995 -0.4961798191 -0.4046227038 -0.1207561493 -0.0000000431 0.0000000053
  0.0119609283 -0.6755934954 0.0620098077 0.7213409543 0.0028391364 0.0062767239
  -0.4683015943 1.9398553371 -0.0000000091 -0.9993069768 -0.0256057326 0.0105876336
  0.0982529894 -0.5339444876 -0.0974297747 -0.0768831670 -0.0092326952 -0.0091677979
  0.0617592074 -0.6650894284 0.2019771188 0.7071068287 -0.0000000311 0.0000000295
}

frame 28 {
  0.0000000000 0.0000000000 0.8460911512 -0.7071068287 -0.0000000000 -0.0000000000
  0.0000000000 2.1409878731 0.0000000000 -0.0000000000 -0.0000000000 -0.0000000000
  0.0000000000 4.3561334610 0.0000000000 0.0000000267 0.0000000267 0.7071068287
  -1.9398553371 0.8106733561 0.0000001465 0.0825142413 -0.1180174798 0.5640373230
  -0.6515343785 -1.0921925306 -0.5528613329 0.0030495578 0.6932039261 0.3404051065
  0.0000000000 4.3561334610 0.0000000000 0.0000000267 -0.0000000267 -0.7071068287
  1.9398553371 0.8106733561 0.0000001465 -0.0480618961 -0.0448979810 -0.4717340171
  1.0686709881 -0.9515612721 0.2411262542 0.0720029101 -0.6907387376 -0.3335303366
  0.4683015943 1.9398553371 -0.0000000013 -0.9928880334 -0.0010638221 -0.0040560598
  0.0059702825 -0.4839606583 -0.4583025277 -0.1207561493 -0.0000000435 0.0000000054
  0.0059703100 -0.6766001582 0.0069659753 0.7139984965 0.0013664888 0.0030209627
  -0.4683015943 1.9398553371 -0.0000000091 -0.9995810390 -0.0244049001 0.0068416451
  0.0942731053 -0.5358162522 -0.0548780337 -0.0768831596 -0.0092326952 -0.0091677960
  0.0570204444 -0.6603414416 0.2442262769 0.7071068287 -0.0000000304 0.0000000306
}

frame 29 {
  0.0000000000 0.0000000000 0.8460911512 -0.7071068287 -0.0000000000 -0.0000000000
  0.0000000000 2.1409878731 0.0000000000 -0.0000000000 -0.0000000000 -0.0000000000
  0.0000000000 4.3561334610 0.0000000000 0.0000000267 0.0000000267 0.7071068287
  -1.9398553371 0.8106733561 0.0000001465 0.0930003598 -0.1331340969 0.5624035001
  -0.6439450979 -1.0716812611 -0.6216973662 0.0089506321 0.6936545968 0.3367030323
  0.0000000000 4.3561334610 0.0000000000 0.0000000267 -0.0000000267 -0.7071068287
  1.9398553371 0.8106733561 0.0000001465 -0.0646901578 -0.0759199113 -0.4697426260
  1.0614036322 -0.9301965237 0.3762579858 0.0833082348 -0.6895074844 -0.3245428205
  0.4683015943 1.9398553371 -0.0000000013 -0.9917076230 -0.0002862422 -0.0010913488
  0.0016454362 -0.4748132825 -0.4944435060 -0.1207561567 -0.0000000433 0.0000000053
  0.0016454997 -0.6763843298 -0.0303139612 0.7089691162 0.0003678066 0.0008130496
  -0.4683015943 1.9398553371 -0.0000000091 -0.9996906519 -0.0235887803 0.0043011275
  0.0913789943 -0.5365575552 -0.0260261707 -0.0768831596 -0.0092326961 -0.0091677979
  0.0536223017 -0.6565970182 0.2727882862 0.7071068287 -0.0000000308 0.0000000316
}

frame 30 {
  0.0000000000 0.0000000000 0.8460911512 -0.7071068287 -0.0000000000 -0.0000000000
  0.0000000000 2.1409878731 0.0000000000 -0.0000000000 -0.0000000000 -0.0000000000
  0.0000000000 4.3561334610 0.0000000000 0.0000000267 0.0000000267 0.7071068287
  -1.9398553371 0.8106733561 0.0000001465 0.0968426242 -0.1386730969 0.5617545843
  -0.6409341693 -1.0635498762 -0.6467604041 0.0111222211 0.6938115358 0.3353362978
  0.0000000000 4.3561334610 0.0000000000 0.0000000267 -0.0000000267 -0.7071068287
  1.9398553371 0.8106733561 0.0000001465 -0.0707311034 -0.0872039720 -0.4688709676
  1.0574364662 -0.9204449654 0.4250737429 0.0874591842 -0.6890147924 -0.3212201297
  0.4683015943 1.9398553371 -0.0000000312 -0.9912478328 0.0000000058 0.0000000433
  -0.0000000194 -0.4712708890 -0.5076954365 -0.1207561418 -0.0000000434 0.0000000053
  0.0000000000 -0.6761217713 -0.0440288559 0.7071068287 0.0000000309 -0.0000000309
  -0.4683015943 1.9398553371 0.0000000140 -0.9997155666 -0.0232878942 0.0033655458
  0.0902737305 -0.5367229581 -0.0154036060 -0.0768831596 -0.0092326943 -0.0091677960
  0.0523336008 -0.6551114321 0.2832868695 0.7071068287 -0.0000000308 0.0000000309
}

